download(miss_detection,false_alarm,n_sp),upload(miss_detection,false_alarm,n_sp)
001,001
213,003
002,003
003,003
103,004
001,103
001,001
102,002
001,014
001,004
002,002
001,001
102,002
103,102
001,004
002,002
103,003
001,001
003,002
001,002
001,001
001,002
002,001
002,002
003,013
001,002
002,002
001,022
103,003
003,003
001,003
102,002
001,022
002,002
004,002
002,002
001,002
004,012
103,001
003,002
002,012
001,004
103,013
002,013
102,002
103,003
002,012
002,004
003,001
002,102
001,001
001,012
001,003
003,002
001,002
001,002
003,013
001,001
002,304
002,304
002,012
001,002
001,002
001,001
002,002
002,001
002,013
001,001
103,013
002,002
001,002
002,003
002,013
002,003
003,103
002,004
001,001
002,002
002,001
001,011
002,001
001,003
001,022
004,003
002,002
001,002
001,003
001,004
003,002
002,004
002,002
001,001
001,003
001,001
001,002
001,104
003,003
001,102
001,001
002,003
002,003
002,003
002,003
001,003
002,003
102,003
001,001
001,002
003,004
001,002
001,001
001,002
102,002
002,002
001,001
001,001
001,001
004,002
001,001
001,013
002,002
001,002
102,003
002,001
001,001
012,002
001,003
001,002
203,003
003,013
002,102
004,013
003,001
002,002
001,001
002,002
002,002
001,002
001,002
004,002
002,002
102,013
